Silver (7,3)-cube; diagonal distribution: 7x5 + 1x14

-- z=0 --
  0  12   5   3  14   6  15
  2  11   3  16  13   0  10
 11  16   2  14   3   4   1
  8   6  12  10   1  17   4
  9   0   6   1   2  15   5
  7  14   0  18  11   8   9
  4   3  10  13   7   5  17

-- z=1 --
 13   0   7   4  17  18   2
 11   5  16  15  12   4   8
 16   7   5  18   8  10  11
 12   8  17  16   0   6   5
  8  10   2  11  15   3   1
  9  12   4   2   6  13   3
  0   1  18   7  14   2   6

-- z=2 --
 17   8   0   7  11   1  14
 16   3   8   6   4   9   7
 10   1  16   3   2  13   5
 14   5   3   9  15  10   2
 15   7  13   4  14   2  12
 11  18   1   8   0  12  13
  3   9   4   0  18  16   1

-- z=3 --
 16   7   8   0   2   3  10
  3   4   9   2   5  17  18
 17  10   4  11   1   7   6
  2   0  18  14   9  12  17
  0  11  12   7  18   6   4
  5  16  15   1  12  14   2
 10  15  13   8   4  18  11

-- z=4 --
 10  14  18  17   6  15   9
  7  15   4  13  10   1   6
 18   5   0  12  13   9   2
 15   3  11   1   5   4  16
 13  17  14   8  11  18   3
  6  11  17   5  16   2   7
 17   8  12   2   1   0  15

-- z=5 --
  1  10  14  16  15   4  12
  8   0   2  12   1   7  14
  0   6   3  15   4  12   7
  9  13   6   3  18  11   1
 14  16   9  17   5  13   0
  2  17  13  14   3  10   8
  5  18  11   4   9   1  10

-- z=6 --
 18   3  17  11  13   5  16
  6   9   5  10  17  14  12
 13   4  14  17   9  18   3
  0   1   7  13  16   2  15
  1   6   0  12   4   8  10
  4  15  16   9   7   3   0
 15   2   1   6   3   9   8

