Silver (11,3)-cube with Z/2 equivariance; dist h16x6

-- z=0 --
  6  11  14   0  19  27  28  20   1  13  12
 23   0   6  19  30  17  24  14  18   3  13
  8  19  12  24  22  25  14   7  28   5  15
 29   5  22   3  27   6  15  17   0  10  16
  4  27   3  13  10   1  12   0  24  26  11
  3   9  10  29  16  19   2  23  25  30   5
  2   4  29  26  24   3  20  15  30   9  10
  5  12  25  23   1  11   0   9  14   2  28
 30  15   9   1  18  16   6  28   2  21   4
  7  16   4  27   8  13  26  21  23  11  20
 24  14   2  17  13  23  18  29  20   6   1

-- z=1 --
 21  18  11  29  13   5   3  24  23  19  10
 28   7  26  14  11  25   9  18  21  23  27
  5  30   2   8  17  15  25   9   1   4  16
 19   1   3  11   6   0  21   5   7  29   2
 10  19  17   4  23  13   1   8   0  30   6
  9  12  23  10  28   3  22  26  27   2  20
 12  22  14  19   3   7  29  10  26   0  15
 30   0  28  15  21  17  24  16  12  22   9
  0   6   1   5  27   4  20  12  13  10   8
  3   5  24   2  20  21  11   4  29  13  25
  1  26  15   7   2  29  16  25  22  20   4

-- z=2 --
 15  21   9   7  22   6  17  25  26   3  28
  6  12  22  17  13  14   3  16  20   5   2
 23  28   5  14  21   3  18  26  24  20  27
 28  16  23   1  19   9   0  13  11  30  24
 27  11  10  24  17   2  26  30  25  29  21
 25  26  14   8   5  18   7  15  29   0  10
 21  20  15   3   4  22   6   2  10  11   5
 26   8   3  27   6   4  20  12   1  24  17
  2   1   7  25  24   5  22  10   4  27  19
  5  14   0   9   1  12  10  17  19  18  22
 13  30  18  29  20  15  25   6   7  16   3

-- z=3 --
 10  25   7  18  21  29  20  12   5   4   0
 17   1  20  23  27  30   6   4   9   8   7
 12   5  26  16  24   8   1  29  19  27  10
 24  17   5  27   1   4   2  22  13  15  18
  6  26   9   2   0  20  28  25  14   3  12
  7  14  28   5  30  11   4   0  24  12  15
  4  27   2  13  18  12   0  24  22  17   6
 18  29  21  20   4   3   7  15  16  28  19
  1  13  25  22  19  28  15  26   3   9  16
  8  23  30  17   5  14   3  11  28  24   2
 14  10  23   1  22   7  30  13   2   0  26

-- z=4 --
 17  13   0   6  16   1  19   4  27   2   7
 12  11   4  29  22  21   5  10  28  15  26
 29  14  27  23  26   5  17  11   6   0  28
  4  23   7  28  18  10  14  30  12  20  17
 22   1  26   5   8   7  27  18  17  14  10
 20  30  22   3   2  16  13  29  15   9   6
  3   0   8  12   5  18   7  28  25  26   2
  2  24  19  25  15  13   1   8  10   7  27
 11  29  21  20  13  30  25  23  14  12   3
 16  10  17  19  21  22  23   5   8  27   1
 23  21  11  16   3  19   0  26   1  29   9

-- z=5 --
 25  29  24  16   2  22  12   9  11  14   1
  7  13  12   4  19   2  18   5  27   6   8
 30  10   6  25   1  20  23   8  14  16   7
 22  21  20   0  29  23   8  15   9  17  10
  1  25   4  30  13  28   7  19   2  15  29
 28   8   5  19  11  24  27   7   1  20  18
  5  15  16  18   9   0  13  11   6  23  24
 14   2  11   6   3  16  15  30  22  13   4
 29   0  22   7  28  11  26   1  25   3   5
 20  17  18  12   0  10   5  16   3  30  21
 17  22   0  24  27   3  10   2   4  18  23

-- z=6 --
 26   0  13  12  10  11  21   3  15  23  30
 18  24  17   5   3   9   2  28  23   1  21
 19  22  29   2  15   4   9   1  11  17  18
 30   4   2  26   0  25  12  27   8  21   1
 13   5  14  21  29  16  15   2   6  12   3
  4  23  24   6  12  14   1  10  17  15  16
 27  17  19   0   8  28  23  12  20   4   7
  0  30  16   3  20   8  27  14  29   5  26
 21   9  18  10  16   7  24  30   1  19  22
 29   8  15  13   7  24  19   0  26   6   9
  8   7   6  28   4  17   3  20   5  11  14

-- z=7 --
 18   8   3  28   5  20   0  15   6   1  14
 24  10  30   0  25   1  20   2  15  12  22
 15   0  28   7   4  24  21  22  20  18   9
 12   2  11  13  24  26  29  14  19  22  30
  3  28   8   9   7   0  14  16  26  20  23
  2   3  25  26  27   8  17   4  11   7   1
 19   6  10  16  30  14  15   3   2  21  29
 21   9  13  18  17  28   8   7   4  25   0
  5  18  19  11  29  13   9  17  27   8  24
 30  27   1   6  12  18   4  25  24  28  13
 11  25  16  27   9   4  22  21  30   5  12

-- z=8 --
  9   1   5   4  11  19  30  22  17   8  26
 13  25   1   3  14  29   8  21   0  24   9
  7   3  23  27  12   2  13   4  18  29  24
  0  15  10   2  25  16  27  20  21  26  14
 17  20  27  15  16   8   2   5  19  22  30
  5   6  18  21  23   1  11  17  14   3  28
  8  16  11  23   1   5  12  29   4  27  13
  6  11   2  13  26  27  19   1   3  10  25
 23  17  16  14  21   3   5   0  28   4  18
 11   9  28  20  30   0   7  23  15  25   4
 18   8   7  10   5   6  29  28  24  19   0

-- z=9 --
 16  27   2  25  26  18   6  21   8  10  22
 14   2  15   8   6  26  16  19  30  17  29
  4  21  17  20  18   9  11   0  10   1  13
  3  20  28   5   9  21   4  23  26   8   0
 25  18  23   0  11  19   5   6  28   2   7
 22   4  12   9   3   6  21   5   2  16  19
 26   9   1  30  16   8  17   4   7  13  25
 28  22  30  26  29  25   3  18  23   9  12
 27  23  29  12  14   1  10  20   0  24  15
 24  28  19  23  25  17   2  22  13   4  27
  6   3   4  19  15   2  13  14  18  21  11

-- z=10 --
 22   9  20  24  23   2   4  14  30  12  17
  0   5  19  21  26  15  30   3   8  16  25
  2  26  14  30   5  12  22  19   3  23   4
  1   7   9  14  11  19   5  28   4   0   6
 29  10  21  11  15  23  18  22  16  27   1
 11  16   1  25   9  30   8   2  20  13  21
 10  19   3  28  25  21   2  27   9  24  11
  9   6  29   1   7   0  14  24   5  18  20
 20   3  30   8   4  22   1   6  12   2   0
  4  15   5   0  10  26  16  18   7   3  29
 27  28  24  22  17  10  26  12  13  25   8

