Silver (13,3)-cube with Z/13 translation equivariance (tau:(x,y,z)->(x+1,y+1,z-2)); dist h13x11

-- z=0 --
   0   8   1  22  24   5   4  20  33  10  34  35   7
  31  18  20  13  21  28  33  10  19  27  22  29  26
  30  32  18  33   6  31   9  21  16   3  10  28  15
  19  11  14  28  35   6  27   0   7  25  30  17  36
   6  26  19  35   7  17  36  12  21  32  15   0  24
  11  15  35   2  10  13  28  22  34   5   3   8  32
  14  30  13  32  17  16   5  36   6  18  31  24   4
  13   6  24  34  14   8  19   3  26  16  29  11  23
  18   9  10  14  25  27   0  11  36   4  33   2   1
  32  28  36  26  29  12  20   8   9  11  18   1   5
  25   5   7  31   3  23  15   9   4  30  20  27  17
  27  17  33  29   0   3  21  23  30  34  16  26  12
  29  35  25  10  31  20  22  34  23  13   1   7  14

-- z=1 --
   9  26  22  29   4  16  19  12  17  34  20   1  25
   4  36  10  33   8   7  24   2   3  20  18  27   6
   1   2   4  24   7  11  32  28  36  26  29   5  13
   2  10  30  13  27  23  18  11   0  31   9  16  21
  16  30  34  22  26   5  27  23  33  29   6   9  14
  34  16  19   7   0  20  29  35  18   3  31  13  15
  13  33   3  34  35   0   6   1   7  15  17  11  10
   3  25  27  15  29  26  31  24  13  19  14  28  33
  14  22   9   3  28  21  30  32  24  33  12  31   2
   6   0  18  30  23  36  25   4  20  28  35  12  27
   5  14  32  21   6  17  12  26  25  35   0  23  36
  15  34  11   9   1  32   4  21  35   8   3  19  28
  36  12  24  31  17  10  20  30  19  32  23  22  11

-- z=2 --
  17  19  25  20  28  33   9  18  27  21  29  26  31
  32  17  33   5  31   8  20  15   2   9  28  14  30
  10  13  28  35   5  27  12   6  24  30  16  36  18
  26  18  35   6  16  36  11  20  32  14  12  23   5
  14  35   1   9  25  28  21  34   4   2   7  32  10
  30  25  32  16  15   4  36   5  17  31  23   3  13
   5  23  34  13   7  18   2  26  15  29  10  22  25
   8   9  13  24  27  12  10  36   3  33   1   0  17
  28  36  26  29  11  19   7   8  10  17   0   4  32
   4   6  31   2  22  14   8   3  30  19  27  16  24
  16  33  29  12   2  20  22  30  34  15  26  11  27
  35  24   9  31  19  21  34  22  25   0   6  13  29
   7   0  21  23   4   3  19  33   9  34  35   6  12

-- z=3 --
  36   9  33   7   6  23   1   2  19  17  27   5   3
   1   3  23   6  10  32  28  36  26  29   4  25   0
   9  30  25  27  22  17  10  12  31   8  15  20   1
  30  34  21  26   4  27  22  33  29   5   8  13  15
  15  18   6  12  19  29  35  17   2  31  25  14  34
  33   2  34  35  12   5   0   6  14  16  10   9  25
  24  27  14  29  26  31  23  25  18  13  28  33   2
  21   8   2  28  20  30  32  23  33  11  31   1  13
  12  17  30  22  36  24   3  19  28  35  11  27   5
  13  32  20   5  16  11  26  24  35  12  22  36   4
  34  10   8   0  32   3  20  35   7   2  18  28  14
  11  23  31  16   9  19  30  18  32  22  21  10  36
  26  21  29   3  15  18  11  16  34  19   0  24   8

-- z=4 --
  16  33   4  31   7  19  14   1   8  28  13  30  32
  25  28  35   4  27  11   5  23  30  15  36  17   9
  17  35   5  15  36  10  19  32  13  11  22   4  26
  35   0   8  24  28  20  34   3   1   6  32   9  13
  24  32  15  14   3  36   4  16  31  22   2  25  30
  22  34  25   6  17   1  26  14  29   9  21  24   4
   8  25  23  27  11   9  36   2  33   0  12  16   7
  36  26  29  10  18   6   7   9  16  12   3  32  28
   5  31   1  21  13   7   2  30  18  27  15  23   3
  33  29  11   1  19  21  30  34  14  26  10  27  15
  23   8  31  18  20  34  21  24  12   5  25  29  35
  12  20  22   3   2  18  33   8  34  35   5  11   6
  18  24  19  28  33   8  17  27  20  29  26  31  16

-- z=5 --
   2  22   5   9  32  28  36  26  29   3  24  12   0
  30  24  27  21  16   9  11  31   7  14  19   0   8
  34  20  26   3  27  21  33  29   4   7  25  14  30
  17   5  11  18  29  35  16   1  31  24  13  34  14
   1  34  35  11   4  12   5  13  15   9   8  24  33
  27  13  29  26  31  22  24  17  25  28  33   1  23
   7   1  28  19  30  32  22  33  10  31   0  25  20
  16  30  21  36  23   2  18  28  35  10  27   4  11
  32  19   4  15  10  26  23  35  11  21  36   3  25
   9   7  12  32   2  19  35   6   1  17  28  13  34
  22  31  15   8  18  30  17  32  21  20   9  36  10
  20  29   2  14  17  10  15  34  18  12  23   7  26
   8  33   6   5  22   0   1  18  16  27   4   2  36

-- z=6 --
  28  35   3  27  10   4  22  30  14  36  16   8  24
  35   4  14  36   9  18  32  25  10  21   3  26  16
  12   7  23  28  19  34   2   0   5  32   8  25  35
  32  14  13   2  36   3  15  31  21   1  24  30  23
  34  24   5  16   0  26  13  29   8  20  23   3  21
  24  22  27  10   8  36   1  33  12  11  15   6   7
  26  29   9  17   5   6   8  15  11   2  32  28  36
  31   0  20  25   6   1  30  17  27  14  22   2   4
  29  10   0  18  20  30  34  13  26   9  27  14  33
   7  31  17  19  34  20  23  11   4  24  29  35  22
  19  21   2   1  17  33   7  34  35   4  10   5  11
  23  18  28  33   7  16  27  19  29  26  31  15  17
  33   3  31   6  18  13   0   7  28  25  30  32  15

-- z=7 --
  23  27  20  15   8  10  31   6  13  18  12   7  30
  19  26   2  27  20  33  29   3   6  24  13  30  34
   4  10  17  29  35  15   0  31  23  25  34  13  16
  34  35  10   3  11   4  25  14   8   7  23  33   0
  25  29  26  31  21  23  16  24  28  33   0  22  27
   0  28  18  30  32  21  33   9  31  12  24  19   6
  30  20  36  22   1  17  28  35   9  27   3  10  15
  18   3  14   9  26  22  35  10  20  36   2  24  32
   6  11  32   1  18  35   5   0  16  28  25  34   8
  31  14   7  17  30  16  32  20  19   8  36   9  21
  29   1  13  16   9  14  34  17  11  22   6  26  19
  33   5   4  21  12   0  17  15  27   3   1  36   7
  21   4   8  32  28  36  26  29   2  23  11  12   1

-- z=8 --
   3  13  36   8  17  32  24   9  20   2  26  15  35
   6  22  28  18  34   1  12   4  32   7  24  35  11
  13  25   1  36   2  14  31  20   0  23  30  22  32
  23   4  15  12  26  25  29   7  19  22   2  20  34
  21  27   9   7  36   0  33  11  10  14   5   6  23
  29   8  16   4   5   7  14  10   1  32  28  36  26
  12  19  24   5   0  30  16  27  13  21   1   3  31
   9  12  17  19  30  34  25  26   8  27  13  33  29
  31  16  18  34  19  22  10   3  23  29  35  21   6
  20   1   0  16  33   6  34  35   3   9   4  10  18
  17  28  33   6  15  27  18  29  26  31  14  16  22
   2  31   5  17  25  12   6  28  24  30  32  14  33
  35   2  27   9   3  21  30  13  36  15   7  23  28

-- z=9 --
  26   1  27  19  33  29   2   5  23  25  30  34  18
   9  16  29  35  14  12  31  22  24  34  25  15   3
  35   9   2  10   3  24  13   7   6  22  33  12  34
  29  26  31  20  22  15  23  28  33  12  21  27  24
  28  17  30  32  20  33   8  31  11  23  18   5  12
  19  36  21   0  16  28  35   8  27   2   9  14  30
   2  13   8  26  21  35   9  19  36   1  23  32  17
  10  32   0  17  35   4  12  15  28  24  34   7   5
  13   6  16  30  15  32  19  18   7  36   8  20  31
   0  25  15   8  13  34  16  10  21   5  26  18  29
   4   3  20  11  12  16  14  27   2   0  36   6  33
   3   7  32  28  36  26  29   1  22  10  11   0  20
  27  19  14   7   9  31   5  25  17  11   6  30  22

-- z=10 --
  21  28  17  34   0  11   3  32   6  23  35  10   5
  24   0  36   1  13  31  19  12  22  30  21  32  25
   3  14  11  26  24  29   6  18  21   1  19  34  22
  27   8   6  36  12  33  10   9  13   4   5  22  20
   7  15   3   4   6  13   9   0  32  28  36  26  29
  18  23   4  12  30  15  27  25  20   0   2  31  11
  11  16  18  30  34  24  26   7  27  25  33  29   8
  15  17  34  18  21   9   2  22  29  35  20   5  31
   0  12  15  33   5  34  35   2   8   3   9  17  19
  28  33   5  14  27  17  29  26  31  13  15  21  16
  31   4  16  24  11   5  28  23  30  32  13  33   1
   1  27   8   2  20  30  25  36  14   6  22  28  35
  25  36   7  16  32  23   8  19   1  26  14  35   2

-- z=11 --
  15  29  35  13  11  31  21  23  34  24  14   2   8
   8   1   9   2  23  25   6   5  21  33  11  34  35
  26  31  19  21  14  22  28  33  11  20  27  23  29
  16  30  32  19  33   7  31  10  22  17   4  11  28
  36  20  12  15  28  35   7  27   1   8  13  30  18
  25   7  26  20  35   8  18  36   0  22  32  16   1
  32  12  16  35   3  11  14  28  23  34   6   4   9
   5  15  30  14  32  18  17   6  36   7  19  31  25
  24  14   7  25  34  15   9  20   4  26  17  29  12
   2  19  10  11  15  13  27   1  12  36   5  33   3
   6  32  28  36  26  29   0  21   9  10  12  19   2
  18  13   6   8  31   4  24  16  10   5  30  21  27
   0  27  18  33  29   1   4  22  24  30  34  17  26

-- z=12 --
  12  36   0  25  31  18  11  21  30  20  32  24  23
  13  10  26  23  29   5  17  20   0  18  34  21   2
   7   5  36  11  33   9   8  25   3   4  21  19  27
  14   2   3   5  25   8  12  32  28  36  26  29   6
  22   3  11  30  14  27  24  19  12   1  31  10  17
  15  17  30  34  23  26   6  27  24  33  29   7  10
  16  34  17  20   8   1  21  29  35  19   4  31  14
  11  14  33   4  34  35   1   7   2   8  16  18  12
  33   4  13  27  16  29  26  31  25  14  20  15  28
   3  15  23  10   4  28  22  30  32  25  33   0  31
  27   7   1  19  30  24  36  13   5  21  28  35   0
  36   6  15  32  22   7  18   0  26  13  35   1  24
  28  16  34  12  10   2  32   5  22  35   9   4  20
